0.730000 0.851000
0.750000 1.138000
0.760000 0.913000
0.790000 0.738000
0.810000 1.004000
0.850000 1.896000
0.910000 1.157000
1.000000 1.453000
1.010000 
1.060000 1.019000
1.130000 
1.130000 0.814000
1.130000 4.065000
1.150000 1.060000
1.260000 ff
1.450000 
1.530000 
1.550000 
1.630000 
1.890000 
2.500000 
2.630000 
2.890000 
3.110000 
3.140000 3.116000
3.720000 
4.060000 
4.160000 
4.320000 
4.480000 
4.490000 4.489000
5.240000 0.756000
5.450000 
5.690000 
5.720000 
5.770000 
6.330000 
6.580000 Test
7.040000 
9.510000 
11.400000 13.894000
11.900000 
12.400000 5.774000
13.400000 
13.800000 
13.800000 14.249000
14.200000 
14.300000 1.133000
15.800000 
17.259001 15.812000
17.500000 
19.200001 
19.700001 
21.700001 22.281000
22.200001 
22.900000 14.384000
27.700001 29.687000
29.600000 
215.000000 
